0 0.901367 0.059570 0.177734 0.119141
0 0.046875 0.123047 0.093750 0.132812
0 0.524414 0.034180 0.029297 0.021484
0 0.319336 0.194336 0.044922 0.060547
0 0.642578 0.030273 0.015625 0.025391
0 0.416992 0.205078 0.185547 0.187500
0 0.571289 0.142578 0.138672 0.097656
0 0.432617 0.048828 0.025391 0.015625
0 0.265625 0.141602 0.031250 0.064453
0 0.186523 0.118164 0.158203 0.123047
0 0.674805 0.260742 0.083984 0.064453
0 0.560546875 0.02734375 0.0458984375 0.03125
0 0.613281 0.012695 0.042969 0.025391
0 0.783203 0.070312 0.027344 0.019531
0 0.680664 0.019531 0.052734 0.031250
