0 0.310547 0.222656 0.082031 0.078125
0 0.500977 0.218750 0.029297 0.023438
0 0.533203 0.283203 0.046875 0.050781
0 0.592773 0.272461 0.048828 0.048828
0 0.715820 0.210938 0.029297 0.027344
0 0.796875 0.215820 0.035156 0.029297
0 0.847656 0.228516 0.035156 0.027344
0 0.830078 0.247070 0.039062 0.048828
0 0.910156 0.296875 0.042969 0.054688
0 0.604492 0.231445 0.025391 0.025391
0 0.562500 0.225586 0.027344 0.021484
0 0.021484 0.218750 0.042969 0.070312
0 0.021484 0.034180 0.042969 0.068359
0 0.310547 0.034180 0.082031 0.068359
0 0.500977 0.033203 0.025391 0.019531
0 0.561523 0.024414 0.025391 0.021484
0 0.608398 0.019531 0.029297 0.019531
0 0.715820 0.038086 0.029297 0.029297
0 0.797852 0.036133 0.033203 0.025391
0 0.822266 0.011719 0.031250 0.023438
0 0.847656 0.017578 0.035156 0.035156
