0 0.291016 0.041992 0.035156 0.033203
0 0.231445 0.075195 0.052734 0.048828
0 0.197266 0.983398 0.031250 0.029297
0 0.156250 0.340820 0.078125 0.080078
0 0.156250 0.039062 0.078125 0.078125
0 0.290039 0.339844 0.033203 0.035156
0 0.498047 0.345703 0.031250 0.027344
0 0.498047 0.033203 0.031250 0.027344
0 0.230469 0.305664 0.050781 0.048828
1 0.404297 0.362305 0.039062 0.029297
1 0.505859 0.417969 0.046875 0.046875
1 0.572266 0.369141 0.035156 0.023438
1 0.632812 0.375000 0.027344 0.015625
1 0.721680 0.363281 0.029297 0.019531
1 0.734375 0.485352 0.035156 0.033203
1 0.460938 0.365234 0.011719 0.007812
