0 0.922852 0.175781 0.025391 0.035156
0 0.677734 0.154297 0.023438 0.031250
0 0.098633 0.081055 0.041016 0.103516
0 0.594727 0.143555 0.013672 0.017578
0 0.571289 0.135742 0.021484 0.033203
0 0.821289 0.182617 0.044922 0.107422
0 0.951172 0.200195 0.015625 0.025391
0 0.922852 0.195312 0.025391 0.074219
0 0.337891 0.045898 0.023438 0.041016
0 0.631836 0.119141 0.044922 0.074219
0 0.278320 0.076172 0.021484 0.035156
0 0.971680 0.203125 0.021484 0.031250
0 0.849609 0.170898 0.007812 0.017578
0 0.433594 0.104492 0.019531 0.025391
0 0.315430 0.056641 0.037109 0.054688
0 0.389648 0.114258 0.013672 0.017578
0 0.698242 0.157227 0.009766 0.025391
0 0.337891 0.067383 0.023438 0.083984
0 0.887695 0.190430 0.017578 0.044922
0 0.677734 0.166016 0.023438 0.054688
0 0.594727 0.155273 0.017578 0.041016
0 0.479492 0.083008 0.048828 0.060547
0 0.291992 0.104492 0.013672 0.025391
0 0.571289 0.144531 0.021484 0.050781
0 0.479492 0.099609 0.048828 0.093750
0 0.543945 0.122070 0.025391 0.041016
0 0.785156 0.152344 0.019531 0.035156
0 0.714844 0.162109 0.019531 0.027344
0 0.711914 0.147461 0.013672 0.017578
0 0.319336 0.073242 0.044922 0.087891
0 0.340820 0.131836 0.021484 0.041016
1 0.129883 0.040039 0.021484 0.041016
1 0.368164 0.109375 0.009766 0.027344
1 0.356445 0.112305 0.009766 0.021484
