1 0.339844 0.142578 0.074219 0.109375
1 0.221680 0.156250 0.052734 0.089844
1 0.514648 0.131836 0.033203 0.041016
1 0.134766 0.133789 0.011719 0.029297
1 0.182617 0.107422 0.029297 0.039062
1 0.380859 0.085938 0.035156 0.054688
1 0.416016 0.118164 0.031250 0.041016
1 0.437500 0.116211 0.019531 0.037109
1 0.483398 0.112305 0.021484 0.029297
1 0.553711 0.109375 0.029297 0.050781
1 0.578125 0.089844 0.023438 0.046875
1 0.605469 0.105469 0.023438 0.042969
1 0.671875 0.098633 0.015625 0.029297
1 0.653320 0.098633 0.009766 0.029297
1 0.647461 0.113281 0.013672 0.015625
1 0.749023 0.069336 0.021484 0.033203
1 0.724609 0.084961 0.015625 0.037109
1 0.779297 0.089844 0.015625 0.019531
1 0.813477 0.100586 0.025391 0.033203
1 0.832031 0.081055 0.023438 0.044922
1 0.810547 0.070312 0.015625 0.023438
1 0.853516 0.102539 0.015625 0.029297
