0 0.357422 0.257812 0.023438 0.023438
0 0.250000 0.278320 0.023438 0.021484
0 0.082031 0.270508 0.015625 0.021484
0 0.208984 0.268555 0.019531 0.025391
0 0.120117 0.289062 0.017578 0.019531
0 0.511719 0.276367 0.050781 0.052734
1 0.838867 0.261719 0.041016 0.046875
1 0.638672 0.268555 0.070312 0.083984
1 0.706055 0.261719 0.044922 0.062500
1 0.566406 0.257812 0.035156 0.046875
1 0.375000 0.285156 0.027344 0.042969
1 0.411133 0.269531 0.041016 0.046875
1 0.463867 0.237305 0.021484 0.021484
1 0.294922 0.242188 0.027344 0.031250
1 0.164062 0.282227 0.019531 0.029297
1 0.096680 0.289062 0.021484 0.019531
1 0.017578 0.290039 0.011719 0.013672
1 0.975586 0.321289 0.044922 0.083984
