0 0.547852 0.381836 0.025391 0.029297
0 0.601562 0.367188 0.019531 0.019531
0 0.249023 0.389648 0.021484 0.021484
0 0.696289 0.363281 0.025391 0.019531
0 0.358398 0.393555 0.021484 0.021484
0 0.214844 0.389648 0.027344 0.029297
1 0.137695 0.434570 0.029297 0.037109
1 0.701172 0.388672 0.039062 0.042969
1 0.478516 0.421875 0.031250 0.046875
1 0.383789 0.423828 0.025391 0.035156
1 0.437500 0.408203 0.031250 0.035156
1 0.294922 0.359375 0.023438 0.027344
1 0.156250 0.392578 0.027344 0.035156
1 0.211914 0.369141 0.033203 0.031250
1 0.369141 0.340820 0.015625 0.021484
1 0.477539 0.348633 0.013672 0.021484
1 0.533203 0.344727 0.035156 0.037109
1 0.500000 0.367188 0.019531 0.019531
1 0.583008 0.348633 0.013672 0.021484
1 0.612305 0.346680 0.013672 0.017578
1 0.740234 0.333008 0.011719 0.021484
1 0.807617 0.329102 0.013672 0.013672
1 0.939453 0.338867 0.015625 0.025391
1 0.885742 0.331055 0.009766 0.017578
1 0.832031 0.338867 0.015625 0.017578
1 0.985352 0.333008 0.013672 0.021484
