0 0.670898 0.530273 0.025391 0.048828
0 0.924805 0.502930 0.017578 0.021484
0 0.303711 0.498047 0.029297 0.039062
0 0.854492 0.554688 0.025391 0.062500
0 0.289062 0.498047 0.019531 0.039062
0 0.192383 0.510742 0.033203 0.076172
0 0.733398 0.529297 0.029297 0.066406
0 0.924805 0.513672 0.017578 0.042969
0 0.870117 0.516602 0.017578 0.021484
0 0.810547 0.539062 0.015625 0.019531
0 0.518555 0.522461 0.037109 0.099609
0 0.759766 0.539062 0.019531 0.039062
1 0.598633 0.525391 0.025391 0.031250
1 0.130859 0.522461 0.015625 0.025391
1 0.108398 0.506836 0.025391 0.041016
