0 0.272461 0.417969 0.029297 0.050781
0 0.935547 0.381836 0.011719 0.025391
0 0.871094 0.370117 0.007812 0.013672
0 0.010742 0.490234 0.021484 0.101562
0 0.233398 0.388672 0.021484 0.046875
0 0.860352 0.386719 0.005859 0.019531
0 0.984375 0.367188 0.003906 0.011719
0 0.861328 0.368164 0.007812 0.013672
1 0.3125 0.3935546875 0.009765625 0.0185546875
1 0.812500 0.429688 0.023438 0.031250
1 0.835938 0.433594 0.019531 0.031250
1 0.792969 0.437500 0.011719 0.023438
1 0.818359 0.368164 0.007812 0.013672
1 0.911133 0.374023 0.005859 0.009766
