0 0.3818359375 0.5078125 0.0078125 0.0126953125
0 0.571289 0.417969 0.060547 0.121094
0 0.291992 0.514648 0.009766 0.013672
0 0.985352 0.403320 0.021484 0.033203
0 0.413086 0.503906 0.005859 0.011719
1 0.399414 0.507812 0.005859 0.011719
1 0.390625 0.504883 0.007812 0.009766
1 0.362305 0.512695 0.005859 0.009766
1 0.355469 0.508789 0.003906 0.009766
1 0.248047 0.527344 0.007812 0.015625
0 0.3349609375 0.5146484375 0.0078125 0.0146484375
1 0.923828 0.421875 0.015625 0.027344
1 0.796875 0.406250 0.023438 0.039062
1 0.973633 0.419922 0.021484 0.050781
