0 0.3984375 0.4951171875 0.0068359375 0.0087890625
0 0.3369140625 0.501953125 0.0078125 0.01171875
0 0.291016 0.486328 0.023438 0.058594
1 0.619141 0.387695 0.062500 0.052734
1 0.527344 0.418945 0.042969 0.052734
1 0.659180 0.448242 0.013672 0.029297
1 0.201172 0.524414 0.003906 0.009766
0 0.377930 0.500977 0.005859 0.009766
1 0.4208984375 0.498046875 0.005859375 0.009765625
1 0.4267578125 0.498046875 0.005859375 0.0087890625
1 0.89453125 0.4287109375 0.013671875 0.0205078125
1 0.963867 0.370117 0.029297 0.041016
