0 0.609375 0.488281 0.007812 0.019531
0 0.895508 0.483398 0.005859 0.009766
0 0.555664 0.430664 0.044922 0.107422
1 0.222656 0.481445 0.019531 0.021484
1 0.675781 0.469727 0.011719 0.013672
1 0.648438 0.477539 0.007812 0.013672
1 0.766602 0.475586 0.009766 0.013672
1 0.707031 0.452148 0.011719 0.025391
1 0.792969 0.470703 0.007812 0.015625
1 0.7802734375 0.4912109375 0.0068359375 0.013671875
1 0.804688 0.486328 0.007812 0.011719
1 0.191406 0.488281 0.011719 0.019531
1 0.079102 0.548828 0.041016 0.058594
