1 0.5595703125 0.7880859375 0.0078125 0.0087890625
1 0.648438 0.777344 0.003906 0.007812
1 0.459961 0.785156 0.005859 0.011719
1 0.470703125 0.6708984375 0.005859375 0.009765625
1 0.4599609375 0.6337890625 0.005859375 0.0087890625
1 0.593750 0.610352 0.003906 0.005859
1 0.342773 0.747070 0.005859 0.009766
1 0.334961 0.758789 0.005859 0.009766
1 0.367188 0.813477 0.003906 0.013672
1 0.373047 0.711914 0.003906 0.009766
0 0.589844 0.533203 0.003906 0.007812
0 0.5751953125 0.47265625 0.0048828125 0.0078125
0 0.5810546875 0.4521484375 0.0048828125 0.0078125
1 0.5068359375 0.5185546875 0.0048828125 0.0078125
1 0.486328125 0.51171875 0.0048828125 0.005859375
