0 0.57421875 0.4853515625 0.0048828125 0.0087890625
0 0.580078125 0.4619140625 0.0048828125 0.0068359375
0 0.5849609375 0.5537109375 0.0068359375 0.0087890625
1 0.58984375 0.6337890625 0.0068359375 0.0087890625
1 0.65234375 0.830078125 0.0078125 0.015625
1 0.560547 0.875000 0.007812 0.011719
1 0.476562 0.733398 0.003906 0.009766
1 0.462890625 0.6240234375 0.005859375 0.009765625
1 0.482422 0.646484 0.003906 0.007812
1 0.4794921875 0.5888671875 0.0048828125 0.0078125
1 0.4990234375 0.5166015625 0.00390625 0.005859375
