0 0.867188 0.665039 0.011719 0.005859
0 0.770508 0.715820 0.013672 0.009766
0 0.714844 0.656250 0.011719 0.007812
0 0.850586 0.974609 0.037109 0.019531
0 0.561523 0.801758 0.017578 0.009766
0 0.741211 0.644531 0.009766 0.003906
0 0.053711 0.699219 0.013672 0.007812
0 0.814453 0.843750 0.023438 0.011719
0 0.806641 0.635742 0.007812 0.005859
0 0.003906 0.718750 0.007812 0.007812
0 0.900391 0.710938 0.011719 0.007812
0 0.548828 0.919922 0.023438 0.015625
0 0.132812 0.680664 0.011719 0.005859
0 0.826171875 0.703125 0.0146484375 0.01171875
0 0.780273 0.688477 0.013672 0.009766
0 0.213867 0.638672 0.009766 0.007812
0 0.105469 0.702148 0.011719 0.005859
0 0.773438 0.683594 0.015625 0.011719
0 0.706055 0.714844 0.013672 0.007812
0 0.9091796875 0.703125 0.015625 0.009765625
0 0.581055 0.802734 0.017578 0.011719
0 0.2314453125 0.623046875 0.0087890625 0.005859375
0 0.606445 0.855469 0.025391 0.011719
0 0.6748046875 0.9287109375 0.03125 0.0166015625
