0 0.822266 0.645508 0.007812 0.005859
0 0.034180 0.705078 0.013672 0.007812
0 0.936523 0.648438 0.013672 0.003906
0 0.831055 0.950195 0.029297 0.017578
0 0.7412109375 0.662109375 0.0107421875 0.0078125
0 0.810547 0.832031 0.023438 0.011719
0 0.802734 0.883789 0.031250 0.017578
0 0.128906 0.692383 0.011719 0.005859
0 0.818359 0.837891 0.023438 0.011719
0 0.096680 0.721680 0.013672 0.005859
0 0.205078 0.628906 0.007812 0.003906
0 0.5087890625 0.859375 0.0244140625 0.015625
0 0.812500 0.712891 0.011719 0.007812
0 0.791016 0.669922 0.011719 0.007812
0 0.760742 0.620117 0.009766 0.005859
0 0.076172 0.706055 0.011719 0.005859
0 0.801758 0.713867 0.013672 0.009766
0 0.729492 0.854492 0.025391 0.013672
0 0.619141 0.850586 0.023438 0.013672
0 0.698242 0.621094 0.009766 0.003906
0 0.654297 0.975586 0.027344 0.017578
0 0.850586 0.672852 0.009766 0.005859
0 0.484375 0.902344 0.023438 0.015625
