0 0.887695 0.679688 0.009766 0.003906
0 0.5400390625 0.8310546875 0.0224609375 0.013671875
0 0.861328 0.688477 0.011719 0.005859
0 0.776367 0.674805 0.013672 0.005859
0 0.90625 0.6650390625 0.01171875 0.0078125
0 0.830078 0.649414 0.007812 0.005859
0 0.783203 0.687500 0.011719 0.007812
0 0.465820 0.808594 0.021484 0.007812
0 0.585938 0.794922 0.015625 0.011719
0 0.795898 0.824219 0.021484 0.011719
0 0.149414 0.660156 0.009766 0.003906
0 0.907227 0.676758 0.013672 0.005859
0 0.463867 0.819336 0.021484 0.009766
0 0.019531 0.719727 0.011719 0.005859
0 0.299805 0.665039 0.009766 0.005859
0 0.108398 0.687500 0.013672 0.007812
0 0.474609 0.817383 0.015625 0.009766
0 0.208008 0.643555 0.009766 0.005859
0 0.186523 0.687500 0.009766 0.007812
0 0.004883 0.713867 0.009766 0.005859
0 0.777344 0.706055 0.011719 0.005859
0 0.487305 0.857422 0.021484 0.011719
0 0.731445 0.776367 0.013672 0.009766
0 0.688477 0.758789 0.017578 0.005859
0 0.813477 0.719727 0.013672 0.005859
0 0.611328 0.782227 0.011719 0.009766
0 0.622070 0.784180 0.021484 0.013672
0 0.127930 0.658203 0.009766 0.007812
0 0.747070 0.634766 0.009766 0.003906
0 0.813477 0.679688 0.009766 0.003906
0 0.742188 0.780273 0.015625 0.013672
0 0.094727 0.683594 0.009766 0.003906
