0 0.8896484375 0.6884765625 0.0126953125 0.0068359375
0 0.789062 0.629883 0.007812 0.005859
0 0.730469 0.633789 0.007812 0.005859
0 0.934570 0.650391 0.013672 0.007812
0 0.830078 0.933594 0.031250 0.019531
0 0.0263671875 0.7080078125 0.015625 0.009765625
0 0.224609 0.625000 0.007812 0.003906
0 0.541015625 0.8935546875 0.0263671875 0.0166015625
0 0.809570 0.837891 0.029297 0.011719
0 0.668945 0.676758 0.017578 0.009766
0 0.107422 0.689453 0.011719 0.007812
0 0.454102 0.981445 0.033203 0.017578
0 0.893555 0.697266 0.013672 0.007812
0 0.089844 0.708984 0.011719 0.007812
0 0.811523 0.937500 0.009766 0.011719
0 0.774414 0.703125 0.013672 0.007812
0 0.849609 0.657227 0.007812 0.001953
0 0.718750 0.699219 0.011719 0.007812
0 0.762695 0.672852 0.013672 0.009766
0 0.689453 0.767578 0.015625 0.011719
0 0.722656 0.893555 0.027344 0.013672
0 0.622070 0.849609 0.021484 0.011719
0 0.673828125 0.767578125 0.0166015625 0.01171875
0 0.809570 0.692383 0.013672 0.009766
