1 0.213867 0.315430 0.052734 0.037109
1 0.754883 0.289062 0.064453 0.046875
1 0.215820 0.018555 0.048828 0.037109
1 0.754883 0.043945 0.064453 0.048828
1 0.602539 0.335938 0.048828 0.042969
2 0.291016 0.328125 0.054688 0.031250
2 0.388672 0.324219 0.039062 0.023438
2 0.473633 0.315430 0.060547 0.041016
2 0.820312 0.333008 0.042969 0.029297
2 0.938477 0.352539 0.013672 0.009766
2 0.473633 0.018555 0.060547 0.037109
2 0.299805 0.007812 0.037109 0.015625
1 0.597656 0.008789 0.042969 0.017578
2 0.390625 0.010742 0.039062 0.021484
