1 0.854492 0.014648 0.068359 0.029297
1 0.712891 0.011719 0.042969 0.023438
1 0.087891 0.400391 0.082031 0.054688
1 0.246094 0.438477 0.062500 0.044922
1 0.296875 0.442383 0.042969 0.025391
1 0.030273 0.423828 0.048828 0.050781
1 0.026367 0.012695 0.041016 0.025391
1 0.854492 0.416016 0.076172 0.046875
1 0.157227 0.083984 0.115234 0.070312
1 0.086914 0.026367 0.080078 0.052734
1 0.452148 0.006836 0.037109 0.013672
1 0.711914 0.420898 0.048828 0.037109
1 0.578125 0.452148 0.046875 0.041016
1 0.453125 0.427734 0.042969 0.031250
1 0.243164 0.003906 0.037109 0.007812
1 0.157227 0.339844 0.115234 0.066406
