1 0.454102 0.553711 0.056641 0.044922
1 0.602539 0.392578 0.029297 0.023438
1 0.312500 0.510742 0.015625 0.021484
1 0.386719 0.524414 0.054688 0.041016
1 0.542969 0.414062 0.031250 0.031250
1 0.625977 0.552734 0.052734 0.050781
1 0.310547 0.591797 0.113281 0.089844
1 0.517578125 0.4013671875 0.021484375 0.0244140625
1 0.650391 0.423828 0.042969 0.039062
1 0.466797 0.383789 0.027344 0.025391
1 0.685547 0.404297 0.019531 0.019531
1 0.625000 0.543945 0.050781 0.033203
1 0.539062 0.389648 0.027344 0.017578
1 0.668945 0.408203 0.017578 0.019531
1 0.634766 0.381836 0.035156 0.021484
