1 0.637695 0.188477 0.056641 0.115234
1 0.483398 0.175781 0.044922 0.050781
1 0.500000 0.152344 0.023438 0.027344
1 0.539062 0.153320 0.050781 0.056641
1 0.454102 0.158203 0.005859 0.023438
1 0.471680 0.151367 0.021484 0.025391
1 0.410156 0.162109 0.019531 0.031250
1 0.437500 0.134766 0.027344 0.027344
1 0.374023 0.154297 0.021484 0.031250
1 0.344727 0.171875 0.037109 0.042969
1 0.326172 0.156250 0.019531 0.019531
1 0.328125 0.166016 0.023438 0.039062
1 0.306641 0.177734 0.035156 0.046875
1 0.250977 0.201172 0.021484 0.027344
1 0.276367 0.173828 0.021484 0.023438
1 0.254883 0.186523 0.029297 0.037109
1 0.224609 0.193359 0.027344 0.042969
1 0.197266 0.208984 0.023438 0.035156
1 0.178711 0.203125 0.021484 0.031250
1 0.161133 0.205078 0.021484 0.027344
1 0.160156 0.208984 0.019531 0.035156
1 0.115234 0.227539 0.007812 0.021484
1 0.600586 0.140625 0.025391 0.031250
1 0.768555 0.123047 0.080078 0.093750
1 0.197266 0.169922 0.027344 0.031250
1 0.130859 0.207031 0.035156 0.039062
1 0.096680 0.218750 0.021484 0.031250
1 0.069336 0.242188 0.017578 0.035156
1 0.080078 0.208984 0.019531 0.027344
1 0.006836 0.244141 0.013672 0.023438
1 0.002930 0.233398 0.005859 0.017578
1 0.066406 0.223633 0.015625 0.013672
1 0.022461 0.231445 0.017578 0.029297
1 0.044922 0.232422 0.027344 0.039062
