1 0.798828 0.162109 0.039062 0.046875
1 0.097656 0.165039 0.039062 0.052734
1 0.202148 0.189453 0.037109 0.050781
1 0.738281 0.258789 0.019531 0.033203
1 0.250000 0.184570 0.042969 0.060547
2 0.297852 0.200195 0.048828 0.072266
2 0.075195 0.184570 0.048828 0.060547
2 0.369141 0.150391 0.035156 0.050781
2 0.421875 0.160156 0.042969 0.050781
2 0.470703 0.169922 0.050781 0.101562
2 0.536133 0.186523 0.041016 0.056641
2 0.571289 0.157227 0.029297 0.056641
2 0.619141 0.152344 0.031250 0.046875
2 0.678711 0.207031 0.037109 0.046875
2 0.745117 0.150391 0.021484 0.031250
2 0.894531 0.152344 0.039062 0.066406
2 0.967773 0.172852 0.013672 0.017578
