1 0.955078 0.490234 0.085938 0.136719
1 0.556641 0.186523 0.023438 0.041016
1 0.478516 0.171875 0.023438 0.031250
1 0.933594 0.483398 0.042969 0.119141
1 0.147461 0.110352 0.048828 0.048828
1 0.230469 0.063477 0.058594 0.072266
1 0.556641 0.178711 0.023438 0.025391
1 0.8701171875 0.205078125 0.0107421875 0.0146484375
2 0.510742 0.187500 0.052734 0.062500
2 0.580078 0.170898 0.015625 0.017578
2 0.645508 0.184570 0.009766 0.013672
2 0.658203 0.192383 0.007812 0.017578
2 0.839844 0.187500 0.035156 0.058594
2 0.902344 0.124023 0.050781 0.052734
2 0.099609 0.115234 0.019531 0.027344
