1 0.9384765625 0.330078125 0.009765625 0.0166015625
1 0.736328 0.384766 0.019531 0.035156
1 0.5419921875 0.37109375 0.0185546875 0.0380859375
1 0.57421875 0.3525390625 0.0146484375 0.0263671875
1 0.926758 0.333008 0.009766 0.013672
1 0.541016 0.364258 0.015625 0.021484
1 0.703125 0.364258 0.015625 0.021484
1 0.946289 0.345703 0.009766 0.015625
1 0.991211 0.340820 0.009766 0.017578
2 0.498047 0.409180 0.027344 0.052734
2 0.945312 0.386719 0.015625 0.039062
2 0.9306640625 0.3935546875 0.0146484375 0.0322265625
2 0.959961 0.381836 0.009766 0.021484
1 0.955078 0.338867 0.007812 0.017578
2 0.979492 0.341797 0.005859 0.011719
