1 0.545898 0.379883 0.025391 0.037109
1 0.904297 0.346680 0.007812 0.013672
1 0.962891 0.354492 0.011719 0.021484
1 0.914062 0.346680 0.007812 0.013672
1 0.904297 0.359375 0.011719 0.019531
1 0.439453 0.367188 0.015625 0.035156
1 0.543945 0.415039 0.029297 0.064453
1 0.544922 0.374023 0.023438 0.021484
1 0.220703 0.393555 0.027344 0.056641
2 0.973633 0.348633 0.005859 0.013672
2 0.947266 0.349609 0.003906 0.011719
2 0.891602 0.394531 0.017578 0.023438
2 0.875977 0.402344 0.009766 0.019531
2 0.911133 0.398438 0.017578 0.023438
2 0.877930 0.345703 0.005859 0.011719
2 0.320312 0.375977 0.007812 0.013672
2 0.114258 0.445312 0.044922 0.089844
