1 0.276367 0.474609 0.009766 0.019531
1 0.6298828125 0.4287109375 0.025390625 0.0439453125
1 0.203125 0.487305 0.003906 0.009766
1 0.037109 0.451172 0.058594 0.117188
1 0.536133 0.414062 0.041016 0.078125
1 0.237305 0.487305 0.005859 0.009766
2 0.584961 0.452148 0.009766 0.017578
2 0.592773 0.451172 0.005859 0.019531
2 0.598633 0.450195 0.005859 0.017578
2 0.743164 0.420898 0.013672 0.021484
2 0.724609 0.428711 0.011719 0.021484
2 0.916016 0.424805 0.011719 0.017578
2 0.888672 0.419922 0.003906 0.007812
