1 0.710938 0.419922 0.023438 0.042969
1 0.298828 0.462891 0.011719 0.019531
1 0.335938 0.426758 0.046875 0.087891
1 0.211914 0.487305 0.005859 0.009766
1 0.1357421875 0.4970703125 0.005859375 0.0068359375
1 0.1494140625 0.5 0.0068359375 0.0078125
2 0.453125 0.455078 0.011719 0.027344
2 0.646484 0.447266 0.007812 0.011719
2 0.682617 0.446289 0.005859 0.013672
2 0.772461 0.417969 0.013672 0.019531
2 0.786133 0.431641 0.009766 0.011719
2 0.851562 0.414062 0.011719 0.019531
2 0.967773 0.364258 0.037109 0.056641
