1 0.512695 0.463867 0.009766 0.017578
1 0.9443359375 0.41796875 0.0361328125 0.0751953125
1 0.397461 0.478516 0.005859 0.007812
2 0.708008 0.425781 0.021484 0.031250
2 0.6943359375 0.4384765625 0.01171875 0.0302734375
2 0.616211 0.443359 0.013672 0.023438
2 0.643555 0.456055 0.005859 0.009766
2 0.574219 0.455078 0.007812 0.011719
2 0.465820 0.456055 0.009766 0.013672
2 0.462891 0.466797 0.011719 0.019531
2 0.371094 0.486328 0.011719 0.023438
2 0.406250 0.481445 0.003906 0.005859
2 0.325195 0.402344 0.033203 0.042969
2 0.288086 0.474609 0.017578 0.035156
2 0.254883 0.473633 0.021484 0.033203
