1 0.492188 0.405273 0.019531 0.041016
1 0.1044921875 0.5048828125 0.0068359375 0.0078125
1 0.221680 0.481445 0.009766 0.017578
1 0.732422 0.420898 0.023438 0.044922
1 0.170898 0.495117 0.005859 0.005859
1 0.481445 0.422852 0.041016 0.076172
2 0.3056640625 0.4697265625 0.013671875 0.025390625
2 0.642578 0.447266 0.007812 0.011719
2 0.777344 0.423828 0.011719 0.019531
2 0.807617 0.441406 0.005859 0.007812
2 0.878906 0.371094 0.035156 0.054688
1 0.964844 0.427734 0.019531 0.039062
2 0.9404296875 0.4384765625 0.0068359375 0.0107421875
2 0.9853515625 0.4267578125 0.0078125 0.0126953125
