1 0.424805 0.492188 0.005859 0.007812
1 0.955078 0.410156 0.015625 0.039062
1 0.348633 0.500977 0.005859 0.009766
1 0.186523 0.486328 0.037109 0.085938
1 0.437500 0.491211 0.003906 0.009766
2 0.854492 0.328125 0.076172 0.070312
2 0.281250 0.511719 0.003906 0.007812
2 0.2939453125 0.5107421875 0.00390625 0.009765625
2 0.395508 0.501953 0.005859 0.011719
2 0.404297 0.500977 0.003906 0.009766
2 0.666016 0.441406 0.015625 0.023438
2 0.730469 0.385742 0.050781 0.107422
2 0.968750 0.396484 0.011719 0.027344
2 0.984375 0.400391 0.019531 0.035156
