1 0.315430 0.489258 0.009766 0.017578
2 0.463867 0.464844 0.009766 0.011719
2 0.471680 0.474609 0.005859 0.007812
2 0.447265625 0.48046875 0.005859375 0.0078125
2 0.4423828125 0.4814453125 0.0048828125 0.0078125
2 0.415039 0.479492 0.005859 0.013672
2 0.410156 0.482422 0.007812 0.011719
2 0.350586 0.490234 0.005859 0.011719
2 0.143555 0.522461 0.009766 0.021484
2 0.1875 0.51953125 0.0087890625 0.017578125
2 0.1171875 0.51953125 0.005859375 0.0087890625
2 0.8896484375 0.4052734375 0.0244140625 0.03125
