1 0.552734 0.640625 0.003906 0.007812
2 0.5673828125 0.6083984375 0.005859375 0.0078125
1 0.55078125 0.560546875 0.0048828125 0.0068359375
2 0.455078 0.662109 0.003906 0.007812
2 0.354492 0.775391 0.005859 0.011719
2 0.333984 0.774414 0.003906 0.009766
2 0.323242 0.805664 0.005859 0.009766
2 0.314453 0.824219 0.003906 0.011719
2 0.5029296875 0.5322265625 0.0048828125 0.0078125
2 0.4560546875 0.5693359375 0.005859375 0.005859375
2 0.5888671875 0.52734375 0.001953125 0.0048828125
2 0.5234375 0.6005859375 0.0048828125 0.0078125
2 0.4375 0.5673828125 0.0048828125 0.005859375
