1 0.803711 0.642578 0.009766 0.003906
1 0.499023 0.847656 0.021484 0.011719
1 0.776367 0.678711 0.013672 0.005859
1 0.933594 0.649414 0.011719 0.005859
1 0.818359 0.659180 0.011719 0.005859
1 0.920898 0.684570 0.013672 0.009766
1 0.656250 0.771484 0.023438 0.011719
1 0.809570 0.673828 0.013672 0.003906
1 0.888672 0.684570 0.011719 0.005859
1 0.458008 0.835938 0.017578 0.011719
1 0.211914 0.638672 0.009766 0.007812
1 0.025391 0.707031 0.015625 0.007812
1 0.049805 0.710938 0.013672 0.007812
1 0.563477 0.809570 0.017578 0.013672
1 0.821289 0.843750 0.021484 0.011719
1 0.737305 0.789062 0.021484 0.011719
1 0.145508 0.654297 0.009766 0.007812
1 0.445312 0.837891 0.019531 0.011719
1 0.335938 0.665039 0.007812 0.005859
1 0.206055 0.682617 0.009766 0.005859
1 0.173828 0.655273 0.007812 0.005859
1 0.121094 0.681641 0.011719 0.007812
1 0.836914 0.653320 0.009766 0.005859
1 0.790039 0.695312 0.013672 0.007812
1 0.827148 0.730469 0.013672 0.007812
1 0.777344 0.716797 0.015625 0.007812
1 0.600586 0.793945 0.013672 0.009766
1 0.610352 0.796875 0.021484 0.011719
1 0.815430 0.683594 0.009766 0.007812
1 0.4599609375 0.8876953125 0.0244140625 0.0166015625
1 0.930664 0.682617 0.017578 0.013672
1 0.821289 0.685547 0.013672 0.007812
2 0.111328 0.729492 0.011719 0.005859
1 0.347656 0.666992 0.007812 0.005859
1 0.236328 0.665039 0.007812 0.005859
1 0.2236328125 0.646484375 0.009765625 0.005859375
1 0.144531 0.666016 0.011719 0.003906
1 0.755859 0.680664 0.011719 0.005859
1 0.702148 0.680664 0.009766 0.005859
1 0.692383 0.680664 0.009766 0.005859
1 0.729492 0.661133 0.009766 0.005859
1 0.728516 0.649414 0.011719 0.005859
1 0.7421875 0.654296875 0.009765625 0.0078125
1 0.708984 0.641602 0.007812 0.005859
1 0.768555 0.638672 0.009766 0.003906
1 0.736328 0.633789 0.007812 0.005859
1 0.6943359375 0.6328125 0.0107421875 0.0048828125
1 0.6708984375 0.6279296875 0.0087890625 0.0068359375
1 0.658203 0.639648 0.007812 0.005859
1 0.642578 0.629883 0.007812 0.005859
1 0.6318359375 0.5908203125 0.005859375 0.0048828125
1 0.7060546875 0.59765625 0.0068359375 0.005859375
1 0.7197265625 0.615234375 0.0087890625 0.005859375
2 0.509765625 0.65625 0.0078125 0.0087890625
1 0.876953 0.692383 0.011719 0.005859
