1 0.885742 0.670898 0.013672 0.005859
1 0.853516 0.623047 0.007812 0.003906
1 0.754883 0.730469 0.009766 0.007812
1 0.653320 0.700195 0.017578 0.009766
1 0.546875 0.957031 0.027344 0.019531
1 0.4794921875 0.8505859375 0.0234375 0.013671875
1 0.116211 0.694336 0.009766 0.005859
1 0.869141 0.729492 0.015625 0.005859
1 0.826171875 0.7158203125 0.0146484375 0.01171875
1 0.030273 0.708008 0.013672 0.005859
1 0.080078 0.690430 0.011719 0.005859
1 0.878906 0.719727 0.015625 0.009766
1 0.210938 0.635742 0.007812 0.005859
1 0.934570 0.649414 0.013672 0.005859
1 0.807617 0.857422 0.025391 0.011719
1 0.458008 0.848633 0.017578 0.009766
1 0.7890625 0.701171875 0.0166015625 0.0107421875
1 0.690430 0.733398 0.013672 0.005859
1 0.782227 0.693359 0.013672 0.007812
1 0.901367 0.702148 0.009766 0.005859
1 0.745117 0.731445 0.017578 0.009766
1 0.657227 0.976562 0.033203 0.015625
1 0.232421875 0.6201171875 0.0078125 0.005859375
1 0.596680 0.867188 0.021484 0.011719
1 0.706055 0.654297 0.009766 0.007812
1 0.792969 0.648438 0.011719 0.003906
1 0.726562 0.665039 0.007812 0.005859
1 0.152344 0.670898 0.011719 0.005859
1 0.16015625 0.67578125 0.009765625 0.0068359375
