1 0.326172 0.966797 0.035156 0.027344
1 0.4140625 0.439453125 0.009765625 0.0087890625
1 0.783203 0.571289 0.015625 0.005859
1 0.931641 0.682617 0.019531 0.009766
1 0.912109 0.677734 0.023438 0.015625
1 0.100586 0.722656 0.025391 0.011719
1 0.322266 0.945312 0.039062 0.023438
1 0.69921875 0.6669921875 0.0224609375 0.01171875
1 0.712891 0.683594 0.023438 0.011719
2 0.216797 0.556641 0.011719 0.007812
1 0.4951171875 0.4091796875 0.009765625 0.005859375
1 0.3056640625 0.3662109375 0.005859375 0.00390625
2 0.3359375 0.3544921875 0.0029296875 0.001953125
